0.662	0.654	0.628	0.604	0.583	
0.443	0.44	0.431	0.421	0.413	
0.689	0.681	0.656	0.632	0.612	
0.452	0.449	0.441	0.432	0.425	
0.708	0.700	0.675	0.651	0.631	
0.457	0.455	0.447	0.439	0.432	
0.628	0.619	0.590	0.563	0.541
0.431	0.427	0.416	0.405	0.395		
0.66	0.65	0.623	0.595	0.573	
0.442	0.439	0.429	0.418	0.409	
0.682	0.673	0.645	0.618	0.596
0.449	0.446	0.437	0.427	0.419
0.621	0.611	0.58	0.55	0.526
0.428	0.424	0.412	0.399	0.388
0.653	0.642	0.612	0.582	0.558
0.44	0.436	0.425	0.413	0.402	
0.675	0.665	0.635	0.605	0.582	
0.447	0.444	0.433	0.422	0.412
